5942164
2035011
7015747
30122633
30143333
1811981
1305506
2992836
4900088
2133830
27018236
26789758
2131192
4902960
1791043
33461756
24751763
1294371
26992553
27021898
5152602
1301132
5385604
1292488
26389331
26746958
10746430
1292340
2979294
26753451
2157044
4324780
26113905
25706773
1300306
26600422
3073268
5230227
27062983
26794435
30391762
22552302
2241582
3543318
1296359
3073634
25927854
26617314
1293124
1306089
5155793
35081767
2131969
26986493
35042114
26657282
1437332
6441126
26611804
3078238
1433039
27052274
4847886
1298191
30353874
2979743
1762492
1822260
25822721
27156423
1303947
5054265
5152907
21350556
26754034
6874219
26301701
3169043
30243520
25829814
1298816
4075624
5032127
27601065
34843210
2129839
26860881
3451879
5228364
2054221
30359194
26385490
26416062
1458900
1293891
26127326
34947673
25855071
34835915
2073738
1307795
26883025
1291554
26691525
24751811
10767548
1294362
1294273
1295840
1296646
26220725
30256021
24714697
5109713
26253609
26253606
26654724
26955420
5216050
26617076
1307992
25837262
1777619
33426033
26389314
26022182
4883300
1300964
1429055
3068237
20494548
2286311
3269088
1301233
1293671
1297253
1306032
1948732
1293443
3274508
1295134
30319936
1305526
27078570
6792300
26657525
1293076
1306637
3217894
6034451
26564988
1874704
1293496
2070444
1439542
2159243
7056917
1427356
7061180
1861113
3583825
1305521
1959942
33402260
24872189
26970264
5214074
6902342
1297126
26685416
26373527
10752395
24855772
26474142
34971894
3347149
35048349
30323242
3583797
1306715
25815018
6873111
1299829
34882961
1293472
3616636
34997809
6876032
20439088
10578471
25841312
3058687
25849299
26201005
6094971
34454108
10461676
27064923
1298405
3269018
1478066
25884731
30188251
1294100
25879466
26612796
1499266
6875279
3068574
1298081
3591712
20515275
26710681
5178840
35048251
1293815
26891362
3606565
26265101
1292345
11639146
1306601
1308836
30200987
6874051
5106377
26304604
3333980
27191803
5908501
4023638
27038228
1301757
26309157
1482030
25812001
26596704
1945330
1940508
1984741
1293697
11519164
21736874
3922164
26892537
34954395
5913350
25955508
25769877
5155169
30176397
26647948
26677495
5119461
1291562
1860745
1298522
7062367
26306931
35005333
24753712
1458908
3008655
10048734
25962732
1428179
1298977
1300694
27145041
3079572
3249742
26703158
26678842
1299769
1294829
2353665
5916909
1308987
1863770
1417050
1306424
26966301
26035468
2059819
1303420
24719013
25806980
27038146
33446622
5377640
20514947
26877458
26928204
26359261
26883025
26359260
34809304
26653127
26744869
26615513
26341137
10777427
10488535
26685451
34462273
25885827
26377047
5150493
3901435
30322997
26219893
1295260
1295586
34841492
2061053
5153025
1292270
26363201
30397916
1428055
5327224
2134294
6002028
26731239
1298977
1300694
3073268
1300306
6815105
1458908
26600422
27062983
1295865
34905657
2241582
1533806
34969010
3778272
30124923
5230227
30486753
24889947
25933898
30149758
4122269
1308287
2065446
25917756
32673376
32674401
26616719
3835134
3041749
20470260
5262339
30268753
3244444
1294825
4847868
3240188
1291856
26739264
23050159
3071546
6985803
4876176
26876180
2133340
2058979
1301576
26389928
4082253
34797400
1824003
2238046
1851904
2980437
2980436
4888221
1806833
4714583
5088460
5084154
26679552
6429653
2333746
26679193
34967940
5183703
5173418
5152303
24716033
5147575
4901345
1302943
26640493
5069462
34927945
35058054
5977809
26280500
2130163
34907401
1300636
30402296
33372902
1295205
27018285
35032371
4724608
26820769
4018288
26376558
1292781
1301102
7916027
1292890
1306213
1293320
1295583
26975625
25778413
27059078
1308804
1458900
6874403
1457926
26348153
1458902
1458904
30244174
1438591
1458909
3863845
5201055
26339213
34805799
1923474
1296267
5203003
4708194
26648749
26607721
6080742
25827129
24860289
1307951
1303936
2082259
1291976
1302476
2032228
1900811
34781181
26641297
22984298
27109679
30386678
4819988
34796139
2263061
35076006
2268042
21350919
20471819
1292498
3022894
30311572
26304552
1293449
34889599
33398074
26762709
30483467
1304602
1766487
26340302
32582148
27000951
1292831
1295965
2132203
34822121
1740006
26394441
2059320
1299576
1296434
26892672
30377925
1293166
30418943
34947674
6521689
3159003
35023095
35044479
1983178
1307179
1309116
1304551
25899335
1302475
26365631
33432171
30257175
6774048
26417028
26877458
26928204
26359261
26883025
26359260
34809304
26653127
26744869
26615513
25920885
1301416
26883025
26691525
25864124
10767548
2131669
30394797
3073268
24859795
1309042
26258872
35087757
10480973
3041281
26335580
6034028
2160638
7056420
1950983
1301066
3712239
25706376
1950566
3075266
26857745
2080762
1307102
26881614
3320347
2355093
1510272
26437237
25786045
3200518
1304937
1302821
24838726
2264598
25774799
1302911
27018317
3060585
26279128
26581749
25726614
26147418
4847886
26892776
26892777
1301695
26147417
30441200
10540224
24874401
1941404
3786617
27000951
3842255
3591125
30419865
26649221
25850103
1296950
3065021
1419496
5156420
10467735
1439465
33435870
26220864
1950701
3194065
4913499
1958501
5058350
26692652
6424756
26145033
11443810
11443807
26724989
4820775
1293936
1851857
11538029
3395373
1292477
1296617
21349175
26722222
3781675
26838641
3911131
10514980
2138817
30447832
26681655
26771637
3072064
3078521
34816898
1298965
5159600
33447372
1316510
1863255
3205665
1463257
2070476
4233977
3630127
1296586
25867012
26841368
25846858
1297650
1868400
3346365
27007258
26628382
24397586
6900096
1876686
30176393
21360414
24299620
26997663
30206311
1947056
35061183
3066305
2368030
26384515
1521917
34996971
26752337
3273907
1303075
1304915
30210391
6094971
27135667
1305065
5298986
1293172
1308753
4160503
1949005
1297280
1917777
25824686
22265634
2259337
1292737
26915919
2173223
26990217
26604675
3041284
6985329
27046656
26411217
26285354
3081380
26266745
1900848
6094971
5908501
26051523
10465156
1895849
5234633
1302727
1473847
2035016
34917443
5113739
6860147
1820145
26351864
1295907
26794435
2355689
1305431
5350027
1307561
3072822
25801066
26527937
3739723
27064700
1766769
26798367
1451620
35080345
24859558
1891222
26315351
26321115
2241582
10604256
1296724
25713525
3156051
26852163
26678599
26773701
34962438
26974168
34962439
30464792
26974156
25920126
34962434
30149745
24849325
25920125
30153332
26974126
26974119
26974152
26974150
26974146
26974116
26974117
26474475
26865176
26390938
4266388
26325250
30391769
3071604
4206357
3431242
24325923
1863955
25905034
1484012
22265181
26704623
30380316
26374586
26658194
26830518
26359235
3780045
1296684
1300694
1306554
1307003
2064670
1871566
1755552
3452282
25884741
1297100
1297996
1292573
26614201
1298572
3442857
2997114
1927366
1299148
1951105
2067543
2049569
1297295
1769753
3998410
1769750
26633279
26176481
27602116
4717982
6834415
1480093
4822848
2137171
27028977
2992836
24858413
25774688
3922263
26261987
25877137
5236488
5143743
5094106
26388981
1301440
30444686
26887893
1793922
26798737
30256029
5244254
2081908
5086268
25734020
1304800
4111841
1421570
3056302
2980259
26309618
2072425
26673872
1306698
3269120
5231421
5073368
1902488
25829265
25762402
4206461
4196702
5097599
26274966
5069106
26719785
1293424
26837948
5986499
26910352
6867862
3262322
30482813
5211243
5135090
1464872
4320487
4309995
6966372
30144230
2246784
5117607
23229414
26600428
26617314
10792639
30141343
30357089
3446989
25709180
5186760
1295038
3011235
1291544
1296996
1309055
1433330
1457217
2051007
6758119
6429657
27135416
27192831
5164585
20514888
5164584
20514889
6721622
6781345
26606012
25905649
26965136
3542816
26679130
25982614
4747730
3240539
5137008
21351419
31441537
27012477
6128003
1322848
30395081
1292877
1296423
1293446
3231686
26759778
26728703
30242164
26348579
4059030
34857354
6875271
4002502
10562329
26438842
5222787
26772006
25798123
5095694
5201989
4058951
35060919
2253120
5332571
2027997
3206213
26282634
1292878
27089612
26781533
26700051
5214048
34431432
3025447
27018354
25757780
10463991
3025666
3231881
27199331
2062944
1308429
3317370
30142420
27125706
1293865
1510432
1296508
6875265
3402068
1308985
26341593
5230076
27197385
33376909
5208147
27089343
25710165
33433222
1296252
25812001
30258803
1304493
26853006
26614203
26707093
34967753
3882456
26337986
27596321
26184352
4911247
2326293
33423672
3654342
3217770
1298252
1304767
3250744
2295655
26390255
5186906
30373689
1316553
1304596
4828815
27059080
10736563
30353468
25842468
3160892
5147083
10785008
5165409
4146550
1306730
26772039
25887265
1293353
35071613
3011058
1870128
2078804
1793764
26284536
1418770
25915883
1808125
2124923
34889599
10573438
25785893
26348153
26782346
25860533
25852263
25727920
2359691
3196105
26344731
1295815
34963416
34930023
1768196
6753106
2045849
3325413
5353588
30453165
6722879
3412907
26761250
1498682
1293356
1293472
25740323
3616636
26707099
35068595
26612648
30390723
5423352
34984181
35042434
26349397
25861682
26866355
3830052
3401615
26076318
26101259
25881669
1892134
1293171
26844764
20515275
3006865
25716052
2009350
26720946
1291562
34454556
5174506
25771176
6081097
24751887
26371238
3524124
27012484
26883025
26691525
10767548
2363526
35038246
26359261
26696879
26740667
1293373
1304122
5161942
2980179
2308603
20367109
33435740
30256708
3244260
26384493
30259222
1305098
27050487
25790834
25727233
26772027
26612528
1296757
1810519
4115223
1436769
26774004
4934985
30466839
5265470
5317294
25955866
26282454
5063719
6985825
5067862
26822127
26704620
26707778
26337866
26035282
1987128
1305769
34802738
26923003
2298926
26883025
25823145
26691525
25980443
11584019
10767548
3582181
10439805
3333980
35048476
26359261
5415301
26341670
6109756
1981218
27063551
2039326
26850809
4044385
4078738
4822341
30155870
26740526
34459090
26580197
27199960
26712559
26290429
1306785
6959015
26748836
26766803
26307055
24852314
25946591
26414979
3118348
26236759
26135299
33434897
30379513
34809102
30192433
26783526
25762219
25719417
27179713
1301397
26310938
35018485
3241159
10531552
1293718
4811807
1301886
35064444
1299309
1292342
3437905
1307569
10551890
5107651
26704611
26906623
25931618
21447058
1941197
5165536
1305448
3431786
26901256
5220706
5165753
5149364
10574468
26322792
26877458
26928204
26359261
26883025
26359260
34809304
26653127
26744869
26615513
25920885
26677776
5126084
5083420
5146955
34454094
35029377
5125920
5090847
3149602
5197508
5188480
5059257
5059640
1295038
3011235
1291544
1296996
1309055
1433330
1457217
2051007
1291842
1298385
34887994
26352306
24698523
30385401
25885962
5977836
34969606
24876189
26827539
26679190
34951523
26218417
25962521
1857082
3921776
27179193
25964082
5349552
26340126
11637682
34984191
4746257
34952413
26388629
23137118
27046372
1293209
26897888
1291588
26290367
26707472
26377370
26352440
26577938
4104126
5936068
26887062
5180040
26600923
24860488
25895901
26725346
26678594
26581360
3340504